17263
51387
26341
59367
534296871
618954732
16253
3651247
1953487
12569
1659327
1952347
2687435
936487125
1235497
875162394
3862594
7286543
9368521
768452193
896721435
328147659
165387429
24568
314695728
7396581
264193758
513286497
461597283
7314958
512873694
58614
57892
328619547
1745283
7153869
413695728
217954683
394186725
7412869
793862145
3186725
289163574
1963724
596471823
159836472
2546183
51387
3152486
1439852
1326975
147362589
1526493
15734
1852639
125479863
1876534
1679354
154286397
1379584
19754
1673924
1963425
1257349
167254839
1863945
142678593
1342987
182673549
1467352
1576834
1926843
128974563
156734829
1983275
1659783
13427
176254389
172683945
1235976
1732985
176493285
18935
137268945
1987235
